1.935940742492675781e+01 9.369976196289062500e+02
2.661572265625000000e+01 1.195195556640625000e+03
2.684788894653320312e+01 1.182058349609375000e+03
2.732361602783203125e+01 1.242143432617187500e+03
2.399864006042480469e+01 1.009998840332031250e+03
4.000027847290039062e+01 1.112093627929687500e+03
4.336489486694335938e+01 1.055281494140625000e+03
5.406067276000976562e+01 1.043205444335937500e+03
5.729237365722656250e+01 1.160593994140625000e+03
7.419296264648437500e+01 1.093079223632812500e+03
7.979955291748046875e+01 1.054214355468750000e+03
8.206730651855468750e+01 1.161115844726562500e+03
9.003778839111328125e+01 8.231030273437500000e+02
9.900244903564453125e+01 1.130880737304687500e+03
1.008442916870117188e+02 1.193859497070312500e+03
1.028827133178710938e+02 9.000184936523437500e+02
1.042190780639648438e+02 8.601190795898437500e+02
1.078229827880859375e+02 1.018258728027343750e+03
1.168372039794921875e+02 6.185021362304687500e+02
1.194126129150390625e+02 8.241958618164062500e+02
1.285093536376953125e+02 1.045993774414062500e+03
1.298986663818359375e+02 1.054585205078125000e+03
1.394560089111328125e+02 9.831052856445312500e+02
1.422807006835937500e+02 9.721245117187500000e+02
1.644149780273437500e+02 9.379378662109375000e+02
1.717362518310546875e+02 1.030207885742187500e+03
1.847847137451171875e+02 1.091740844726562500e+03
1.807652282714843750e+02 7.720590820312500000e+02
1.844003295898437500e+02 8.196016235351562500e+02
1.965884704589843750e+02 1.000593505859375000e+03
1.978480987548828125e+02 7.909075317382812500e+02
2.020662841796875000e+02 9.159363403320312500e+02
2.067909088134765625e+02 8.458912353515625000e+02
2.104836578369140625e+02 1.027538208007812500e+03
2.199319305419921875e+02 9.793366699218750000e+02
2.181758880615234375e+02 7.771140136718750000e+02
2.249221343994140625e+02 1.049734985351562500e+03
2.233211517333984375e+02 8.422041625976562500e+02
2.288530883789062500e+02 8.821001586914062500e+02
2.501902618408203125e+02 8.335228271484375000e+02
2.590310363769531250e+02 8.123699340820312500e+02
2.676549987792968750e+02 8.169066772460937500e+02
2.699236755371093750e+02 7.905459594726562500e+02
2.701246032714843750e+02 7.045816650390625000e+02
2.784704284667968750e+02 7.750317382812500000e+02
2.948952026367187500e+02 8.139730224609375000e+02
3.224321899414062500e+02 8.138746948242187500e+02
3.278803100585937500e+02 7.869812622070312500e+02
3.287492065429687500e+02 6.734374389648437500e+02
3.367169494628906250e+02 7.803491210937500000e+02
3.411618347167968750e+02 8.091403198242187500e+02
3.411178894042968750e+02 8.226932373046875000e+02
3.426639404296875000e+02 7.799737548828125000e+02
3.396405334472656250e+02 5.818215332031250000e+02
3.448999633789062500e+02 8.313858032226562500e+02
3.456969604492187500e+02 7.398079833984375000e+02
3.597035522460937500e+02 8.275859985351562500e+02
3.625523071289062500e+02 7.594036865234375000e+02
3.694097900390625000e+02 8.228814086914062500e+02
3.721177673339843750e+02 8.280554199218750000e+02
3.721177673339843750e+02 8.280554199218750000e+02
3.913668823242187500e+02 7.807611694335937500e+02
3.924898376464843750e+02 8.120265502929687500e+02
3.977908325195312500e+02 8.309066772460937500e+02
4.088374328613281250e+02 7.597641601562500000e+02
4.128219299316406250e+02 7.872206420898437500e+02
4.206468811035156250e+02 8.401287231445312500e+02
4.267522277832031250e+02 8.258180541992187500e+02
4.332121276855468750e+02 7.297570800781250000e+02
4.417425537109375000e+02 7.877023315429687500e+02
4.387805786132812500e+02 6.665985107421875000e+02
4.389653320312500000e+02 7.010589599609375000e+02
4.439846801757812500e+02 6.542224731445312500e+02
4.445444335937500000e+02 6.394595947265625000e+02
4.606521301269531250e+02 7.803652954101562500e+02
4.604706726074218750e+02 6.545780639648437500e+02
4.682258300781250000e+02 8.430321655273437500e+02
4.682258300781250000e+02 8.430321655273437500e+02
4.680242614746093750e+02 7.325794677734375000e+02
4.717020874023437500e+02 7.072145996093750000e+02
4.706932067871093750e+02 6.922653198242187500e+02
4.761611022949218750e+02 7.570996704101562500e+02
4.815402526855468750e+02 7.342438964843750000e+02
4.865953063964843750e+02 6.786835327148437500e+02
4.862918395996093750e+02 7.179015502929687500e+02
4.936720275878906250e+02 6.827693481445312500e+02
5.004717407226562500e+02 7.689437255859375000e+02
5.030394287109375000e+02 8.050597534179687500e+02
5.019326477050781250e+02 6.559038085937500000e+02
5.129642333984375000e+02 6.984196777343750000e+02
5.217246704101562500e+02 8.249480590820312500e+02
5.269391479492187500e+02 7.826726074218750000e+02
5.286398925781250000e+02 7.477929687500000000e+02
5.286398925781250000e+02 7.477929687500000000e+02
5.314136352539062500e+02 7.818422241210937500e+02
5.487614746093750000e+02 6.129196777343750000e+02
5.571224365234375000e+02 7.502447509765625000e+02
5.591895141601562500e+02 7.268924560546875000e+02
5.753518676757812500e+02 5.643137817382812500e+02
5.770932006835937500e+02 7.063685913085937500e+02
5.800234985351562500e+02 7.423538818359375000e+02
5.827873535156250000e+02 7.755733032226562500e+02
5.892921752929687500e+02 7.723956298828125000e+02
5.882238159179687500e+02 6.447048339843750000e+02
5.908548583984375000e+02 6.058782348632812500e+02
5.953942871093750000e+02 7.230122070312500000e+02
5.991933593750000000e+02 7.068517456054687500e+02
5.991933593750000000e+02 7.068517456054687500e+02
5.995103149414062500e+02 6.660383911132812500e+02
6.019070434570312500e+02 6.701234130859375000e+02
6.050596923828125000e+02 6.661799316406250000e+02
6.208090209960937500e+02 6.418889160156250000e+02
6.233172607421875000e+02 7.337315063476562500e+02
6.298399047851562500e+02 7.171207275390625000e+02
6.329082031250000000e+02 6.009161376953125000e+02
6.368641357421875000e+02 6.166317138671875000e+02
6.450277099609375000e+02 7.079203491210937500e+02
6.542236938476562500e+02 6.996316528320312500e+02
6.731494750976562500e+02 6.031251220703125000e+02
6.763992919921875000e+02 7.429419555664062500e+02
6.934143066406250000e+02 4.979869079589843750e+02
6.952820434570312500e+02 6.625178222656250000e+02
6.974058227539062500e+02 7.254368286132812500e+02
7.039519042968750000e+02 4.898329162597656250e+02
7.127526245117187500e+02 6.130728149414062500e+02
7.185970458984375000e+02 8.234427490234375000e+02
7.273634643554687500e+02 5.865514526367187500e+02
7.344093017578125000e+02 6.321531982421875000e+02
7.400317382812500000e+02 6.357905273437500000e+02
7.507346191406250000e+02 6.598051757812500000e+02
7.510925292968750000e+02 6.885536499023437500e+02
7.549434204101562500e+02 5.649419555664062500e+02
7.599638061523437500e+02 6.538495483398437500e+02
7.661560668945312500e+02 5.628456420898437500e+02
7.691336059570312500e+02 6.893240966796875000e+02
7.749073486328125000e+02 5.404576416015625000e+02
7.787160644531250000e+02 7.857241821289062500e+02
7.895032348632812500e+02 5.430904541015625000e+02
7.904536132812500000e+02 5.183701782226562500e+02
8.034466552734375000e+02 7.296407470703125000e+02
8.118940429687500000e+02 6.720893554687500000e+02
8.133428344726562500e+02 5.794084472656250000e+02
8.155932006835937500e+02 5.706038818359375000e+02
8.211873168945312500e+02 5.394262695312500000e+02
8.211873168945312500e+02 5.394262695312500000e+02
1.046134033203125000e+03 5.177716064453125000e+02
1.054903808593750000e+03 5.199501953125000000e+02
1.047817138671875000e+03 9.184078979492187500e+02
1.060504516601562500e+03 5.173719482421875000e+02
1.053388916015625000e+03 6.460914306640625000e+02
1.061367553710937500e+03 5.332637939453125000e+02
1.061825195312500000e+03 6.365060424804687500e+02
1.061976074218750000e+03 6.947078857421875000e+02
1.086778808593750000e+03 7.765951538085937500e+02
1.114256591796875000e+03 5.421736450195312500e+02
1.021422424316406250e+03 1.167644287109375000e+03
1.054667602539062500e+03 1.400032348632812500e+03
1.151121337890625000e+03 7.320895385742187500e+02
1.162610107421875000e+03 7.381433105468750000e+02
1.100192993164062500e+03 1.443852172851562500e+03
1.102429199218750000e+03 1.123619384765625000e+03
1.192323608398437500e+03 7.213057250976562500e+02
1.104569091796875000e+03 1.353985351562500000e+03
1.105568847656250000e+03 1.289049194335937500e+03
1.108396484375000000e+03 1.183109375000000000e+03
1.107937255859375000e+03 1.310905029296875000e+03
1.110374511718750000e+03 1.288926879882812500e+03
1.111341918945312500e+03 1.407391601562500000e+03
1.112153442382812500e+03 1.461313232421875000e+03
1.114727050781250000e+03 1.034998046875000000e+03
1.117251831054687500e+03 1.236577392578125000e+03
1.118115356445312500e+03 1.160570800781250000e+03
1.204386718750000000e+03 8.301118164062500000e+02
1.118304077148437500e+03 1.281513793945312500e+03
1.119608154296875000e+03 1.285788940429687500e+03
1.120438110351562500e+03 1.331271118164062500e+03
1.120579223632812500e+03 1.292812866210937500e+03
1.120858764648437500e+03 1.397769653320312500e+03
1.121640625000000000e+03 1.236994873046875000e+03
1.125221313476562500e+03 9.969008789062500000e+02
1.123501708984375000e+03 1.373989135742187500e+03
1.125166015625000000e+03 1.266865966796875000e+03
1.126170654296875000e+03 1.275140136718750000e+03
1.215932861328125000e+03 8.240119628906250000e+02
1.131116577148437500e+03 1.389545776367187500e+03
1.132258911132812500e+03 1.268238891601562500e+03
1.132861938476562500e+03 1.276375366210937500e+03
1.134049926757812500e+03 1.191904785156250000e+03
1.220674560546875000e+03 7.990299682617187500e+02
1.133520874023437500e+03 1.315943847656250000e+03
1.135697509765625000e+03 1.165675537109375000e+03
1.134871704101562500e+03 1.420583007812500000e+03
1.136287963867187500e+03 1.299351196289062500e+03
1.138604614257812500e+03 1.098379150390625000e+03
1.137034301757812500e+03 1.341591796875000000e+03
1.140077026367187500e+03 1.065890380859375000e+03
1.139301147460937500e+03 1.275067504882812500e+03
1.139800415039062500e+03 1.218389770507812500e+03
1.140531127929687500e+03 1.094292968750000000e+03
1.140639526367187500e+03 1.278072631835937500e+03
1.141686401367187500e+03 1.318998413085937500e+03
1.144577026367187500e+03 1.159997680664062500e+03
1.234003784179687500e+03 6.852061157226562500e+02
1.148176147460937500e+03 9.629668579101562500e+02
1.232248413085937500e+03 8.026133422851562500e+02
1.147161499023437500e+03 1.284839843750000000e+03
1.150496459960937500e+03 1.224404907226562500e+03
1.157203247070312500e+03 1.182380615234375000e+03
1.156761718750000000e+03 1.091545288085937500e+03
1.241710693359375000e+03 8.190190429687500000e+02
1.161573852539062500e+03 1.096515869140625000e+03
1.159621459960937500e+03 1.243941528320312500e+03
1.159982910156250000e+03 1.447996337890625000e+03
1.164980590820312500e+03 9.879826049804687500e+02
1.260745239257812500e+03 5.694797973632812500e+02
1.165508911132812500e+03 1.130925292968750000e+03
1.164833984375000000e+03 1.397800659179687500e+03
1.253565917968750000e+03 6.365125122070312500e+02
1.166258056640625000e+03 1.283354492187500000e+03
1.169055664062500000e+03 9.487864379882812500e+02
1.166297241210937500e+03 1.348269653320312500e+03
1.166297241210937500e+03 1.348269653320312500e+03
1.254812377929687500e+03 6.818249511718750000e+02
1.170856933593750000e+03 1.219164306640625000e+03
1.172041870117187500e+03 1.327661376953125000e+03
1.173906494140625000e+03 1.206037963867187500e+03
1.173906494140625000e+03 1.206037963867187500e+03
1.258649536132812500e+03 8.321687011718750000e+02
1.174622802734375000e+03 1.367120727539062500e+03
1.178060180664062500e+03 9.320905761718750000e+02
1.174523681640625000e+03 1.325045898437500000e+03
1.177431884765625000e+03 1.209073364257812500e+03
1.176640136718750000e+03 1.297640625000000000e+03
1.181288574218750000e+03 9.463905639648437500e+02
1.181561645507812500e+03 1.092894897460937500e+03
1.185994140625000000e+03 1.353314208984375000e+03
1.280400024414062500e+03 5.913913574218750000e+02
1.135655151367187500e+03 1.967222290039062500e+03
1.189713867187500000e+03 1.070077514648437500e+03
1.191320312500000000e+03 1.018765930175781250e+03
1.189923828125000000e+03 1.247323852539062500e+03
1.194429321289062500e+03 1.037146118164062500e+03
1.194081909179687500e+03 1.091518554687500000e+03
1.195362426757812500e+03 1.227141723632812500e+03
1.195995849609375000e+03 1.240246704101562500e+03
1.198387207031250000e+03 1.168043212890625000e+03
1.201178344726562500e+03 9.843128662109375000e+02
1.200205932617187500e+03 1.181189697265625000e+03
1.286165405273437500e+03 7.427410278320312500e+02
1.199995117187500000e+03 1.236044067382812500e+03
1.200833862304687500e+03 1.250990844726562500e+03
1.203044311523437500e+03 1.242258422851562500e+03
1.292418823242187500e+03 6.659667358398437500e+02
1.205681762695312500e+03 1.042296997070312500e+03
1.206396362304687500e+03 1.039820434570312500e+03
1.289672485351562500e+03 8.450921630859375000e+02
1.152230468750000000e+03 2.095213867187500000e+03
1.208847045898437500e+03 1.250779418945312500e+03
1.216194946289062500e+03 1.206056518554687500e+03
1.216330566406250000e+03 1.023931152343750000e+03
1.304152221679687500e+03 6.683244018554687500e+02
1.303480346679687500e+03 6.171874389648437500e+02
1.219435913085937500e+03 1.221895874023437500e+03
1.219363891601562500e+03 1.087756347656250000e+03
1.219363891601562500e+03 1.087756347656250000e+03
1.308005126953125000e+03 6.191682739257812500e+02
1.223835449218750000e+03 1.085205078125000000e+03
1.224350585937500000e+03 1.207676635742187500e+03
1.316159423828125000e+03 8.266179199218750000e+02
1.233072875976562500e+03 1.190998657226562500e+03
1.238997070312500000e+03 9.421774291992187500e+02
1.237555541992187500e+03 9.786983642578125000e+02
1.332829956054687500e+03 5.928164672851562500e+02
1.239260620117187500e+03 1.008917358398437500e+03
1.239402954101562500e+03 1.237761718750000000e+03
1.240250732421875000e+03 1.184654907226562500e+03
1.186679199218750000e+03 2.199153564453125000e+03
1.242692749023437500e+03 9.857837524414062500e+02
1.245431518554687500e+03 1.018120117187500000e+03
1.247797729492187500e+03 9.454001464843750000e+02
1.194376708984375000e+03 2.187533447265625000e+03
1.337322875976562500e+03 7.075566406250000000e+02
1.253025024414062500e+03 1.064283569335937500e+03
1.198132446289062500e+03 2.195205322265625000e+03
1.199222045898437500e+03 2.241415527343750000e+03
1.255730224609375000e+03 1.029424316406250000e+03
1.257576049804687500e+03 1.134923095703125000e+03
1.260981689453125000e+03 1.003775756835937500e+03
1.344573608398437500e+03 7.817786254882812500e+02
1.205451416015625000e+03 2.238243896484375000e+03
1.206619140625000000e+03 2.199950927734375000e+03
1.206498046875000000e+03 2.210728515625000000e+03
1.206498046875000000e+03 2.210728515625000000e+03
1.206346557617187500e+03 2.243038818359375000e+03
1.260357543945312500e+03 1.180697631835937500e+03
1.206873168945312500e+03 2.221714843750000000e+03
1.345031005859375000e+03 8.496964721679687500e+02
1.264447265625000000e+03 9.796123657226562500e+02
1.208941528320312500e+03 2.216636230468750000e+03
1.210172119140625000e+03 2.196422363281250000e+03
1.266862182617187500e+03 1.304253784179687500e+03
1.268451660156250000e+03 1.205107299804687500e+03
1.214031738281250000e+03 2.188496093750000000e+03
1.217010620117187500e+03 2.242761474609375000e+03
1.273262207031250000e+03 9.760165405273437500e+02
1.274337280273437500e+03 9.913557128906250000e+02
1.357501586914062500e+03 9.041022949218750000e+02
1.360902099609375000e+03 7.518698120117187500e+02
1.276302612304687500e+03 1.072368774414062500e+03
1.276302612304687500e+03 1.072368774414062500e+03
1.221612915039062500e+03 2.129064208984375000e+03
1.361715209960937500e+03 7.504747314453125000e+02
1.365340209960937500e+03 6.230903320312500000e+02
1.365340209960937500e+03 6.230903320312500000e+02
1.285424194335937500e+03 1.047029907226562500e+03
1.368321044921875000e+03 8.313220825195312500e+02
1.371232910156250000e+03 7.576322021484375000e+02
1.370592651367187500e+03 7.620572509765625000e+02
1.370759277343750000e+03 7.495754394531250000e+02
1.370524291992187500e+03 6.720181884765625000e+02
1.372598510742187500e+03 8.006634521484375000e+02
1.375649658203125000e+03 7.910870361328125000e+02
1.381855346679687500e+03 7.980530395507812500e+02
1.252061523437500000e+03 2.238194091796875000e+03
1.303948120117187500e+03 1.245851806640625000e+03
1.390172729492187500e+03 6.427213745117187500e+02
1.255942993164062500e+03 2.093204833984375000e+03
1.256577026367187500e+03 2.275199462890625000e+03
1.256296630859375000e+03 2.266218261718750000e+03
1.256570800781250000e+03 2.197632324218750000e+03
1.311210083007812500e+03 9.863389892578125000e+02
1.398755126953125000e+03 6.859062500000000000e+02
1.399971191406250000e+03 7.559141845703125000e+02
1.400541381835937500e+03 6.331813354492187500e+02
1.404945922851562500e+03 6.236275634765625000e+02
1.400682495117187500e+03 8.013194580078125000e+02
1.403596069335937500e+03 7.842730712890625000e+02
1.404990234375000000e+03 8.459996948242187500e+02
1.323804687500000000e+03 1.166533691406250000e+03
1.406934204101562500e+03 8.174874267578125000e+02
1.416166870117187500e+03 6.202479248046875000e+02
1.411054687500000000e+03 7.936389770507812500e+02
1.410225708007812500e+03 8.327528686523437500e+02
1.411313476562500000e+03 8.051437377929687500e+02
1.412895874023437500e+03 8.477318725585937500e+02
1.425017333984375000e+03 6.288663940429687500e+02
1.416289794921875000e+03 9.162443847656250000e+02
1.419069824218750000e+03 6.732404785156250000e+02
1.422176879882812500e+03 7.605201416015625000e+02
1.339713623046875000e+03 1.052417846679687500e+03
1.342049194335937500e+03 1.185398437500000000e+03
1.433302246093750000e+03 6.218463134765625000e+02
1.346938354492187500e+03 9.918767089843750000e+02
1.429746093750000000e+03 8.281343994140625000e+02
1.293514526367187500e+03 2.268745605468750000e+03
1.437387084960937500e+03 8.238743896484375000e+02
1.435539550781250000e+03 8.621778564453125000e+02
1.438980590820312500e+03 7.220555419921875000e+02
1.439534057617187500e+03 7.810272827148437500e+02
1.443448608398437500e+03 8.217370605468750000e+02
1.448234985351562500e+03 8.629749755859375000e+02
1.453203369140625000e+03 6.564713745117187500e+02
1.372334472656250000e+03 9.705457153320312500e+02
1.314464721679687500e+03 2.261696044921875000e+03
1.456234863281250000e+03 7.225253295898437500e+02
1.455598999023437500e+03 8.693515014648437500e+02
1.461126220703125000e+03 6.981187133789062500e+02
1.382111816406250000e+03 1.023207397460937500e+03
1.327206542968750000e+03 2.257929443359375000e+03
1.466497192382812500e+03 8.562109375000000000e+02
1.470644409179687500e+03 6.701659545898437500e+02
1.473235473632812500e+03 7.265782470703125000e+02
1.474545776367187500e+03 7.388361206054687500e+02
1.473325927734375000e+03 8.350256347656250000e+02
1.473197753906250000e+03 8.681887817382812500e+02
1.472883422851562500e+03 8.889258422851562500e+02
1.475836303710937500e+03 9.226394042968750000e+02
1.402812255859375000e+03 1.056829345703125000e+03
1.486797851562500000e+03 7.891262817382812500e+02
1.485204589843750000e+03 9.311535644531250000e+02
1.490566040039062500e+03 6.918918457031250000e+02
1.353293823242187500e+03 2.205104003906250000e+03
1.492294311523437500e+03 8.210089721679687500e+02
1.499306762695312500e+03 8.039120483398437500e+02
1.424393798828125000e+03 1.011125671386718750e+03
1.503015380859375000e+03 8.873958129882812500e+02
1.507875610351562500e+03 8.320916748046875000e+02
1.516640869140625000e+03 6.438120117187500000e+02
1.510439086914062500e+03 7.214973144531250000e+02
1.511000000000000000e+03 8.718847045898437500e+02
1.512059814453125000e+03 9.075422363281250000e+02
1.511647827148437500e+03 9.351221313476562500e+02
1.514180175781250000e+03 8.849141845703125000e+02
1.526813598632812500e+03 6.405299682617187500e+02
1.517088745117187500e+03 9.079969482421875000e+02
1.518882080078125000e+03 8.826447143554687500e+02
1.528443969726562500e+03 6.512158813476562500e+02
1.385002685546875000e+03 2.264204345703125000e+03
1.525592407226562500e+03 7.319737548828125000e+02
1.539135742187500000e+03 6.497872314453125000e+02
1.531510253906250000e+03 9.079844360351562500e+02
1.534825927734375000e+03 8.321700439453125000e+02
1.535064331054687500e+03 8.271340942382812500e+02
1.535064331054687500e+03 8.271340942382812500e+02
1.548668823242187500e+03 6.373391723632812500e+02
1.542983154296875000e+03 9.387666625976562500e+02
1.552743164062500000e+03 6.622999267578125000e+02
1.552743164062500000e+03 6.622999267578125000e+02
1.546367065429687500e+03 8.642016601562500000e+02
1.548236450195312500e+03 8.838157958984375000e+02
1.550396728515625000e+03 9.424376220703125000e+02
1.555488159179687500e+03 8.210107421875000000e+02
1.555221923828125000e+03 8.640984497070312500e+02
1.556536254882812500e+03 9.464199829101562500e+02
1.566055053710937500e+03 9.135370483398437500e+02
1.570965209960937500e+03 7.564383544921875000e+02
1.569760986328125000e+03 8.913551635742187500e+02
1.580861694335937500e+03 6.646746215820312500e+02
1.573194580078125000e+03 8.842783203125000000e+02
1.577141113281250000e+03 7.730865478515625000e+02
1.592699340820312500e+03 6.958427124023437500e+02
1.591259033203125000e+03 9.084880981445312500e+02
1.592446411132812500e+03 8.072066650390625000e+02
1.593456298828125000e+03 8.034192504882812500e+02
1.596692993164062500e+03 7.338810424804687500e+02
1.595882446289062500e+03 8.889397583007812500e+02
1.605045776367187500e+03 6.997976074218750000e+02
1.614920776367187500e+03 7.517879028320312500e+02
1.612171264648437500e+03 9.294173583984375000e+02
1.546203369140625000e+03 1.076502319335937500e+03
1.624078247070312500e+03 9.047548217773437500e+02
1.629102783203125000e+03 7.845266113281250000e+02
1.628755126953125000e+03 7.729042968750000000e+02
1.630006713867187500e+03 7.772434082031250000e+02
1.633306152343750000e+03 9.531002807617187500e+02
1.640860717773437500e+03 7.557554321289062500e+02
1.641020507812500000e+03 9.640970458984375000e+02
1.643682006835937500e+03 9.288377075195312500e+02
1.645932495117187500e+03 9.008573608398437500e+02
1.651902709960937500e+03 9.375444335937500000e+02
1.650669433593750000e+03 9.242033081054687500e+02
1.656558349609375000e+03 7.564782714843750000e+02
1.653712524414062500e+03 9.112184448242187500e+02
1.659051269531250000e+03 8.345010375976562500e+02
1.660487915039062500e+03 9.015828247070312500e+02
1.663563598632812500e+03 7.104876708984375000e+02
1.663137451171875000e+03 8.414385986328125000e+02
1.661972778320312500e+03 9.501972045898437500e+02
1.664869018554687500e+03 8.213627929687500000e+02
1.667392089843750000e+03 8.652168579101562500e+02
1.592614257812500000e+03 1.079608398437500000e+03
1.668897338867187500e+03 9.261074218750000000e+02
1.671662231445312500e+03 9.229392089843750000e+02
1.676092651367187500e+03 7.699424438476562500e+02
1.681816284179687500e+03 6.897964477539062500e+02
1.679155761718750000e+03 9.725165405273437500e+02
1.680472778320312500e+03 9.598976440429687500e+02
1.606978027343750000e+03 1.107599853515625000e+03
1.682934936523437500e+03 9.625211791992187500e+02
1.695086547851562500e+03 9.160413818359375000e+02
1.694991333007812500e+03 9.453314819335937500e+02
1.699518676757812500e+03 7.684196777343750000e+02
1.703598632812500000e+03 9.281123046875000000e+02
1.708554077148437500e+03 7.404509887695312500e+02
1.712633422851562500e+03 9.032304687500000000e+02
1.712633422851562500e+03 9.032304687500000000e+02
1.711427246093750000e+03 9.405839843750000000e+02
1.645834594726562500e+03 1.071957275390625000e+03
1.721462036132812500e+03 9.379948120117187500e+02
1.728606567382812500e+03 7.764446411132812500e+02
1.728942871093750000e+03 7.997397460937500000e+02
1.728937133789062500e+03 8.451060180664062500e+02
1.728690063476562500e+03 8.997840576171875000e+02
1.736419311523437500e+03 7.085009765625000000e+02
1.734287109375000000e+03 7.228078002929687500e+02
1.730916503906250000e+03 9.639752197265625000e+02
1.654394042968750000e+03 1.280532592773437500e+03
1.581607177734375000e+03 2.992417602539062500e+02
1.740261230468750000e+03 8.506378173828125000e+02
1.743339477539062500e+03 8.488104858398437500e+02
1.746783691406250000e+03 8.004504394531250000e+02
1.753397338867187500e+03 8.601870727539062500e+02
1.678382202148437500e+03 1.105791137695312500e+03
1.759189086914062500e+03 9.635573120117187500e+02
1.763222290039062500e+03 9.397719726562500000e+02
1.763572143554687500e+03 9.290474243164062500e+02
1.691102539062500000e+03 1.107593750000000000e+03
1.767651000976562500e+03 8.861194458007812500e+02
1.769432128906250000e+03 7.994087524414062500e+02
1.766302001953125000e+03 9.905656127929687500e+02
1.769668212890625000e+03 9.883186645507812500e+02
1.775772216796875000e+03 9.380300292968750000e+02
1.779332763671875000e+03 9.323181152343750000e+02
1.779435791015625000e+03 9.941666259765625000e+02
1.781013183593750000e+03 9.665817871093750000e+02
1.783150390625000000e+03 9.283488159179687500e+02
1.783329101562500000e+03 9.068355102539062500e+02
1.712528320312500000e+03 1.100644653320312500e+03
1.713903930664062500e+03 1.051745971679687500e+03
1.791017700195312500e+03 8.095751342773437500e+02
1.793980224609375000e+03 8.364806518554687500e+02
1.793723876953125000e+03 9.729507446289062500e+02
1.720154418945312500e+03 1.279678710937500000e+03
1.720154418945312500e+03 1.279678710937500000e+03
1.795160278320312500e+03 9.812976684570312500e+02
1.723661254882812500e+03 1.083212036132812500e+03
1.808285644531250000e+03 7.168094482421875000e+02
1.725887817382812500e+03 1.080984741210937500e+03
1.727738037109375000e+03 1.084030761718750000e+03
1.729439575195312500e+03 1.073972900390625000e+03
1.729322265625000000e+03 1.235319335937500000e+03
1.740804931640625000e+03 1.097977783203125000e+03
1.813459716796875000e+03 9.893550415039062500e+02
1.741612548828125000e+03 1.187425170898437500e+03
1.744050415039062500e+03 1.098673217773437500e+03
1.818542724609375000e+03 9.718777465820312500e+02
1.747078491210937500e+03 1.079978393554687500e+03
1.748399169921875000e+03 1.071863281250000000e+03
1.755112670898437500e+03 1.141643066406250000e+03
1.759499633789062500e+03 1.051222900390625000e+03
1.756164672851562500e+03 1.311089843750000000e+03
1.835226684570312500e+03 8.926694335937500000e+02
1.687069702148437500e+03 2.084223327636718750e+02
1.836725708007812500e+03 9.518769531250000000e+02
1.765993041992187500e+03 1.130398803710937500e+03
1.837590087890625000e+03 1.002945983886718750e+03
1.767131225585937500e+03 1.113478515625000000e+03
1.767103515625000000e+03 1.146995483398437500e+03
1.766842529296875000e+03 1.206809448242187500e+03
1.849454711914062500e+03 9.463952636718750000e+02
1.780087036132812500e+03 1.078878417968750000e+03
1.782850830078125000e+03 1.078226806640625000e+03
1.782670776367187500e+03 1.120191284179687500e+03
1.781427734375000000e+03 1.280145019531250000e+03
1.859904785156250000e+03 8.854302368164062500e+02
1.858073730468750000e+03 9.431224975585937500e+02
1.784322631835937500e+03 1.263169189453125000e+03
1.784322631835937500e+03 1.263169189453125000e+03
1.787232299804687500e+03 1.098077758789062500e+03
1.870673706054687500e+03 7.342636718750000000e+02
1.861576904296875000e+03 8.733717651367187500e+02
1.862762329101562500e+03 8.698723144531250000e+02
1.861718139648437500e+03 9.542357177734375000e+02
1.790544311523437500e+03 1.161872680664062500e+03
1.790544311523437500e+03 1.161872680664062500e+03
1.793737426757812500e+03 1.215896972656250000e+03
1.872861206054687500e+03 9.027204589843750000e+02
1.729796508789062500e+03 2.022864685058593750e+02
1.875033935546875000e+03 9.663786621093750000e+02
1.877758422851562500e+03 7.949370727539062500e+02
1.807696899414062500e+03 1.146258789062500000e+03
1.887373291015625000e+03 7.630699462890625000e+02
1.812371826171875000e+03 1.203012695312500000e+03
1.885855346679687500e+03 9.628397216796875000e+02
1.816614990234375000e+03 1.125197631835937500e+03
1.817465576171875000e+03 1.223888183593750000e+03
1.818489990234375000e+03 1.240925292968750000e+03
1.818129760742187500e+03 1.312987792968750000e+03
1.819867309570312500e+03 1.230647094726562500e+03
1.749410888671875000e+03 2.317837219238281250e+02
1.822455444335937500e+03 1.147682739257812500e+03
1.896792602539062500e+03 9.402566528320312500e+02
1.823864990234375000e+03 1.334077148437500000e+03
1.825603393554687500e+03 1.198982666015625000e+03
1.827024414062500000e+03 1.247756591796875000e+03
1.903204223632812500e+03 9.127990112304687500e+02
1.901417724609375000e+03 1.006131347656250000e+03
1.830094238281250000e+03 1.170263793945312500e+03
1.831539428710937500e+03 1.191226684570312500e+03
1.903731201171875000e+03 9.669923095703125000e+02
1.830871582031250000e+03 1.309560913085937500e+03
1.832313842773437500e+03 1.316706542968750000e+03
1.839281250000000000e+03 1.117184326171875000e+03
1.913253173828125000e+03 9.153950195312500000e+02
1.837332763671875000e+03 1.360871459960937500e+03
1.917545166015625000e+03 8.297649536132812500e+02
1.843335449218750000e+03 1.127710815429687500e+03
1.844812988281250000e+03 1.172706665039062500e+03
1.844677246093750000e+03 1.284916259765625000e+03
1.922871582031250000e+03 8.767853393554687500e+02
1.850544921875000000e+03 1.180209228515625000e+03
1.848951171875000000e+03 1.330014526367187500e+03
1.856009155273437500e+03 1.141672607421875000e+03
1.855207397460937500e+03 1.203054199218750000e+03
1.787560180664062500e+03 1.680234832763671875e+02
1.856432861328125000e+03 1.248515258789062500e+03
1.856854003906250000e+03 1.311440307617187500e+03
1.944370239257812500e+03 7.543117065429687500e+02
1.935562622070312500e+03 9.760644531250000000e+02
1.938564575195312500e+03 9.213432006835937500e+02
1.865412353515625000e+03 1.247561035156250000e+03
1.941086669921875000e+03 8.113980102539062500e+02
1.870056762695312500e+03 1.188612548828125000e+03
1.870056762695312500e+03 1.188612548828125000e+03
1.874342895507812500e+03 1.212492553710937500e+03
1.875919799804687500e+03 1.104401733398437500e+03
1.949305297851562500e+03 7.883969726562500000e+02
1.948068115234375000e+03 9.739002075195312500e+02
1.875480102539062500e+03 1.278581787109375000e+03
1.878604370117187500e+03 1.267843750000000000e+03
1.887042358398437500e+03 1.389770751953125000e+03
1.966450073242187500e+03 7.892579956054687500e+02
1.828666748046875000e+03 1.248354949951171875e+02
1.967547851562500000e+03 9.972706909179687500e+02
1.895378173828125000e+03 1.306359985351562500e+03
1.896592163085937500e+03 1.335832641601562500e+03
1.896592163085937500e+03 1.335832641601562500e+03
1.897778808593750000e+03 1.267123901367187500e+03
1.909504028320312500e+03 1.324859863281250000e+03
1.909233032226562500e+03 1.296314697265625000e+03
1.909764160156250000e+03 1.291363159179687500e+03
1.910442993164062500e+03 1.403323242187500000e+03
1.912191162109375000e+03 1.367527343750000000e+03
1.903075195312500000e+03 2.119981445312500000e+03
1.917961914062500000e+03 1.276877441406250000e+03
1.920473510742187500e+03 1.190325195312500000e+03
1.923151000976562500e+03 1.138588989257812500e+03
1.922984741210937500e+03 1.236421997070312500e+03
1.996327026367187500e+03 1.001866760253906250e+03
1.882970703125000000e+03 2.273018798828125000e+02
1.915265869140625000e+03 1.941517578125000000e+03
1.888656250000000000e+03 5.494725799560546875e+01
1.999826049804687500e+03 9.885473632812500000e+02
1.927509521484375000e+03 1.343320434570312500e+03
1.882403808593750000e+03 6.062568359375000000e+02
1.933853881835937500e+03 1.231000732421875000e+03
1.937026489257812500e+03 1.232903320312500000e+03
1.922121948242187500e+03 2.073220214843750000e+03
1.887151245117187500e+03 6.891174316406250000e+02
1.939974243164062500e+03 1.338181030273437500e+03
1.944148925781250000e+03 1.218133422851562500e+03
1.941252197265625000e+03 1.478516113281250000e+03
2.019950561523437500e+03 8.515641479492187500e+02
1.941668945312500000e+03 1.473427612304687500e+03
2.018704101562500000e+03 9.880319824218750000e+02
1.945609008789062500e+03 1.403935424804687500e+03
1.901338378906250000e+03 5.154093017578125000e+02
1.902927612304687500e+03 5.391112060546875000e+02
1.904548828125000000e+03 4.594924316406250000e+02
2.023846191406250000e+03 1.002295715332031250e+03
2.025795410156250000e+03 9.914550781250000000e+02
1.955320800781250000e+03 1.280328369140625000e+03
1.982402709960937500e+03 1.583121704101562500e+03
2.033887329101562500e+03 1.060418945312500000e+03
2.041220581054687500e+03 9.928970336914062500e+02
2.041019775390625000e+03 1.056171630859375000e+03
2.041019775390625000e+03 1.056171630859375000e+03
2.041019775390625000e+03 1.056171630859375000e+03
2.044683105468750000e+03 9.824184570312500000e+02
2.050231445312500000e+03 8.069609985351562500e+02
1.975913696289062500e+03 1.268302368164062500e+03
1.977791870117187500e+03 1.280937377929687500e+03
1.967503662109375000e+03 3.622478637695312500e+02
2.045894897460937500e+03 1.788938110351562500e+03
1.989115478515625000e+03 1.391087890625000000e+03
2.049457275390625000e+03 1.898256347656250000e+03
2.052303222656250000e+03 1.902826049804687500e+03
1.996328247070312500e+03 1.485922119140625000e+03
2.063127685546875000e+03 1.904123291015625000e+03
2.068343261718750000e+03 1.792098144531250000e+03
2.067424316406250000e+03 1.908487304687500000e+03
2.021362304687500000e+03 2.819015502929687500e+02
2.068804199218750000e+03 1.926464721679687500e+03
2.068897705078125000e+03 2.019434326171875000e+03
2.071006347656250000e+03 1.849364868164062500e+03
2.072805175781250000e+03 1.776594848632812500e+03
2.072484863281250000e+03 1.845456542968750000e+03
2.069704589843750000e+03 2.006826538085937500e+03
2.073030517578125000e+03 1.860166259765625000e+03
2.069524169921875000e+03 2.103885498046875000e+03
2.018760986328125000e+03 7.342541503906250000e+02
2.075034912109375000e+03 2.076539306640625000e+03
2.034033691406250000e+03 3.486595458984375000e+02
2.027423217773437500e+03 6.687199707031250000e+02
2.033058349609375000e+03 5.117330627441406250e+02
2.029440063476562500e+03 6.850786132812500000e+02
2.086744140625000000e+03 1.986973632812500000e+03
2.086744140625000000e+03 1.986973632812500000e+03
2.039080078125000000e+03 4.444986877441406250e+02
2.093373291015625000e+03 1.908128173828125000e+03
2.041896118164062500e+03 4.853312988281250000e+02
2.042712768554687500e+03 4.738189086914062500e+02
2.038562866210937500e+03 6.921283569335937500e+02
2.092411376953125000e+03 2.116342041015625000e+03
2.095109130859375000e+03 2.000939331054687500e+03
2.095931152343750000e+03 1.996306640625000000e+03
2.099750976562500000e+03 1.960439208984375000e+03
2.101180175781250000e+03 2.000400268554687500e+03
2.101314208984375000e+03 1.994492797851562500e+03
2.104673095703125000e+03 2.066098144531250000e+03
2.113621093750000000e+03 1.798073608398437500e+03
2.116891113281250000e+03 1.803487304687500000e+03
2.122066406250000000e+03 1.830174682617187500e+03
2.122066406250000000e+03 1.830174682617187500e+03
2.091621826171875000e+03 1.765641784667968750e+02
2.122365478515625000e+03 2.016841552734375000e+03
2.130687744140625000e+03 1.958179199218750000e+03
2.088286621093750000e+03 3.066476745605468750e+02
2.134922607421875000e+03 1.824947265625000000e+03
2.136640136718750000e+03 2.026393066406250000e+03
2.098882812500000000e+03 3.706831970214843750e+02
2.093667724609375000e+03 7.278253784179687500e+02
2.095403076171875000e+03 7.497557373046875000e+02
2.150347412109375000e+03 2.001624877929687500e+03
2.102496337890625000e+03 7.670979614257812500e+02
2.158070800781250000e+03 1.982384399414062500e+03
2.105184570312500000e+03 1.191026611328125000e+03
2.104061523437500000e+03 1.281022460937500000e+03
2.116469482421875000e+03 7.474336547851562500e+02
2.119854736328125000e+03 7.500866088867187500e+02
2.116757568359375000e+03 9.195763549804687500e+02
2.123297607421875000e+03 7.076394042968750000e+02
2.130032226562500000e+03 4.011874084472656250e+02
2.177315185546875000e+03 1.822890869140625000e+03
2.122649658203125000e+03 7.535757446289062500e+02
2.111330322265625000e+03 1.331610595703125000e+03
2.111330322265625000e+03 1.331610595703125000e+03
2.133999511718750000e+03 3.186094055175781250e+02
2.115932861328125000e+03 1.107000244140625000e+03
2.118177734375000000e+03 1.113842773437500000e+03
2.119103759765625000e+03 1.051310668945312500e+03
2.124724365234375000e+03 8.470794677734375000e+02
2.126509521484375000e+03 8.274432983398437500e+02
2.123434326171875000e+03 9.891709594726562500e+02
2.126440185546875000e+03 1.025967285156250000e+03
2.127996337890625000e+03 9.708886108398437500e+02
2.137468261718750000e+03 5.477630615234375000e+02
2.184583984375000000e+03 1.966672851562500000e+03
2.127966308593750000e+03 9.952578735351562500e+02
2.135928710937500000e+03 7.048926391601562500e+02
2.136007568359375000e+03 7.666269531250000000e+02
2.131330322265625000e+03 1.064416381835937500e+03
2.194749755859375000e+03 1.777651245117187500e+03
2.138081054687500000e+03 8.846226806640625000e+02
2.137208740234375000e+03 1.041229248046875000e+03
2.199347900390625000e+03 1.787828247070312500e+03
2.158512695312500000e+03 3.269632568359375000e+02
2.141489501953125000e+03 1.129071289062500000e+03
2.144345214843750000e+03 1.010449707031250000e+03
2.200648681640625000e+03 2.041722534179687500e+03
2.151005615234375000e+03 7.801005249023437500e+02
2.148836181640625000e+03 9.609736328125000000e+02
2.202084960937500000e+03 2.063610595703125000e+03
2.151446044921875000e+03 9.314692382812500000e+02
2.135471191406250000e+03 1.608833740234375000e+03
2.153394042968750000e+03 1.068085693359375000e+03
2.163124511718750000e+03 6.494421386718750000e+02
2.153457031250000000e+03 1.106798095703125000e+03
2.162243408203125000e+03 9.278395385742187500e+02
2.161725341796875000e+03 9.733875732421875000e+02
2.162905761718750000e+03 1.048362304687500000e+03
2.168942871093750000e+03 1.112015747070312500e+03
2.172619140625000000e+03 1.089617797851562500e+03
2.171124023437500000e+03 1.209932983398437500e+03
2.181091552734375000e+03 9.450032958984375000e+02
2.179973144531250000e+03 1.200449829101562500e+03
2.204096923828125000e+03 3.324476013183593750e+02
2.191021728515625000e+03 9.808962402343750000e+02
2.211018310546875000e+03 1.194762695312500000e+03
2.218896240234375000e+03 1.028608642578125000e+03
2.218548339843750000e+03 1.042388916015625000e+03
2.233704833984375000e+03 1.092754760742187500e+03
2.215449462890625000e+03 1.871252075195312500e+03
2.219802001953125000e+03 1.866080444335937500e+03
2.225469726562500000e+03 1.877505493164062500e+03
2.236091796875000000e+03 1.855841674804687500e+03
2.237320068359375000e+03 1.843097045898437500e+03
2.244008789062500000e+03 1.823062744140625000e+03
2.249891357421875000e+03 1.783703369140625000e+03
2.292062500000000000e+03 4.109715881347656250e+02
2.283380859375000000e+03 1.153126464843750000e+03
2.266854980468750000e+03 1.474166015625000000e+03
2.301039550781250000e+03 1.056415405273437500e+03
2.307837158203125000e+03 1.008784057617187500e+03
2.310982421875000000e+03 1.044832397460937500e+03
2.335360351562500000e+03 9.835358276367187500e+02
2.314495849609375000e+03 1.808058837890625000e+03
2.358316162109375000e+03 3.845975952148437500e+02
2.375811279296875000e+03 3.472834167480468750e+02
2.397184570312500000e+03 4.205564270019531250e+02
2.407645263671875000e+03 1.138413208007812500e+03
2.426049316406250000e+03 5.248767700195312500e+02
2.411588623046875000e+03 1.144732421875000000e+03
2.414495605468750000e+03 1.123161987304687500e+03
2.431975341796875000e+03 5.456452026367187500e+02
2.434624511718750000e+03 6.101336669921875000e+02
2.427886718750000000e+03 1.040772216796875000e+03
2.444346923828125000e+03 7.101683349609375000e+02
2.453720214843750000e+03 5.136796875000000000e+02
2.438341796875000000e+03 1.143615600585937500e+03
2.445488281250000000e+03 9.745881347656250000e+02
2.446385742187500000e+03 1.111748657226562500e+03
